includes/DEM/sundarijal_DEM_by_extent.asc
ncols        313
nrows        272
xllcorner    931885.867800000007
yllcorner    3077102.604299999774
cellsize     30.000000000000
NODATA_value -32767
[rows 0 to 37 of 272, columns 84 to 167 of 313]
1831 1820 1805 1790 1791 1774 1736 1734 1753 1775 1789 1792 1782 1761 1776 1792 1804 1821 1794 1772 1748 1760 1778 1789 1796 1809 1821 1849 1871 1865 1854 1836 1822 1813 1807 1819 1842 1860 1889 1905 1919 1931 1943 1955 1968 1978 1991 2001 2012 2040 2050 2063 2080 2098 2113 2127 2139 2148 2157 2175 2166 2186 2194 2191 2182 2167 2150 2129 2109 2091 2063 2044 2026 2009 2009 1997 1987 2006 2021 2029 2019 1987 1996 2000
1845 1832 1818 1801 1791 1776 1745 1753 1772 1792 1810 1806 1790 1773 1774 1797 1818 1829 1805 1781 1757 1769 1786 1804 1818 1823 1833 1850 1881 1877 1862 1841 1822 1824 1817 1818 1834 1850 1868 1899 1906 1914 1928 1942 1960 1976 1991 2003 2013 2036 2046 2059 2081 2098 2112 2126 2142 2159 2176 2189 2187 2186 2206 2199 2189 2179 2161 2140 2118 2095 2080 2045 2033 2027 2029 2010 2012 2024 2045 2053 2047 2036 2024 2025
1854 1843 1822 1812 1800 1776 1759 1771 1786 1805 1826 1819 1804 1786 1779 1798 1819 1831 1808 1782 1762 1772 1790 1801 1819 1837 1854 1866 1892 1882 1865 1847 1834 1824 1831 1826 1828 1842 1862 1878 1895 1917 1933 1948 1960 1974 1989 2006 2015 2027 2042 2055 2070 2094 2112 2124 2149 2168 2186 2197 2203 2203 2218 2208 2195 2184 2165 2148 2126 2103 2093 2065 2060 2052 2047 2039 2051 2052 2077 2079 2067 2047 2050 2047
1866 1854 1833 1819 1800 1775 1776 1789 1798 1821 1839 1829 1811 1790 1789 1811 1823 1837 1808 1790 1775 1773 1798 1815 1824 1842 1864 1884 1901 1890 1879 1865 1852 1843 1831 1843 1837 1837 1847 1861 1898 1911 1925 1937 1950 1964 1981 1991 2001 2009 2025 2039 2057 2082 2105 2116 2134 2161 2181 2193 2205 2220 2218 2212 2202 2188 2173 2154 2134 2129 2117 2091 2088 2074 2060 2069 2079 2081 2095 2094 2072 2056 2070 2073
1878 1864 1844 1827 1808 1783 1776 1798 1823 1844 1850 1833 1809 1794 1803 1821 1833 1838 1815 1798 1778 1781 1805 1830 1840 1852 1869 1893 1914 1907 1898 1884 1877 1868 1853 1843 1860 1850 1850 1856 1878 1888 1902 1917 1931 1951 1967 1980 1989 1997 2009 2034 2046 2067 2096 2109 2120 2148 2169 2179 2191 2220 2223 2212 2205 2189 2177 2161 2154 2146 2127 2111 2111 2088 2077 2093 2103 2117 2112 2103 2082 2080 2078 2100
1889 1870 1850 1829 1808 1791 1792 1798 1839 1860 1857 1829 1806 1808 1823 1838 1846 1845 1838 1808 1790 1792 1820 1849 1861 1869 1886 1906 1927 1939 1925 1910 1900 1883 1872 1867 1881 1870 1856 1860 1875 1882 1892 1901 1914 1930 1942 1962 1981 1995 2008 2032 2042 2058 2075 2090 2111 2131 2149 2163 2177 2192 2220 2222 2205 2197 2188 2181 2173 2160 2145 2143 2149 2114 2107 2132 2147 2138 2125 2111 2101 2096 2098 2118
1895 1876 1855 1834 1814 1799 1813 1816 1824 1878 1868 1833 1818 1829 1840 1850 1856 1857 1850 1818 1804 1800 1820 1853 1873 1888 1906 1926 1935 1948 1946 1933 1918 1906 1900 1889 1881 1889 1879 1868 1879 1903 1909 1920 1928 1937 1942 1957 1971 1991 2004 2034 2044 2057 2068 2083 2105 2122 2142 2156 2167 2181 2220 2225 2213 2213 2204 2200 2190 2177 2163 2168 2163 2136 2133 2149 2158 2148 2138 2122 2115 2107 2114 2124
1893 1871 1855 1837 1821 1822 1835 1842 1842 1878 1868 1847 1836 1839 1858 1863 1866 1866 1860 1851 1828 1813 1819 1853 1873 1894 1913 1929 1937 1947 1963 1955 1941 1927 1918 1905 1897 1889 1905 1885 1888 1926 1932 1942 1951 1961 1962 1971 1978 1989 2005 2023 2040 2058 2068 2082 2096 2117 2130 2155 2170 2182 2193 2222 2224 2213 2227 2221 2209 2199 2202 2194 2184 2147 2151 2168 2172 2161 2148 2137 2131 2123 2133 2138
1904 1885 1865 1845 1838 1849 1858 1865 1862 1885 1882 1862 1850 1849 1865 1873 1875 1875 1875 1865 1842 1821 1819 1837 1861 1883 1906 1924 1936 1944 1959 1968 1955 1949 1939 1926 1916 1909 1905 1912 1895 1909 1952 1966 1971 1982 1983 1993 1996 2004 2020 2030 2047 2061 2069 2082 2093 2115 2129 2152 2167 2183 2193 2222 2233 2233 2227 2238 2220 2215 2224 2216 2199 2178 2171 2189 2195 2179 2166 2155 2147 2143 2156 2150
1914 1893 1871 1859 1869 1873 1880 1886 1882 1893 1882 1876 1867 1865 1882 1885 1884 1886 1888 1879 1862 1827 1843 1846 1846 1875 1896 1917 1933 1945 1960 1981 1980 1971 1962 1944 1931 1927 1927 1912 1907 1920 1962 1973 1983 1994 2004 2014 2017 2024 2029 2037 2044 2064 2072 2085 2096 2112 2126 2145 2171 2185 2196 2222 2236 2248 2248 2238 2235 2238 2242 2238 2213 2192 2194 2202 2213 2199 2188 2171 2159 2169 2175 2160
1919 1898 1879 1873 1901 1906 1910 1914 1906 1912 1897 1876 1886 1880 1898 1897 1895 1893 1893 1882 1864 1841 1861 1882 1877 1883 1896 1915 1932 1944 1964 1980 1995 1992 1983 1967 1955 1948 1946 1928 1917 1930 1960 1978 1990 2003 2016 2023 2028 2032 2039 2048 2055 2072 2080 2087 2099 2113 2132 2151 2169 2183 2198 2212 2237 2252 2261 2251 2235 2264 2262 2243 2221 2205 2207 2224 2228 2218 2205 2183 2176 2192 2188 2166
1928 1905 1894 1899 1924 1938 1934 1935 1932 1928 1926 1898 1886 1891 1911 1915 1909 1901 1897 1886 1872 1858 1881 1903 1903 1894 1903 1914 1928 1942 1963 1981 2002 2007 2000 1989 1976 1965 1957 1939 1917 1940 1943 1985 1996 2010 2024 2032 2039 2045 2052 2056 2064 2073 2087 2093 2102 2118 2140 2155 2167 2181 2199 2214 2240 2252 2267 2268 2263 2282 2274 2250 2232 2223 2228 2247 2244 2233 2220 2200 2193 2197 2192 2169
1932 1919 1912 1916 1930 1949 1952 1951 1956 1954 1947 1913 1891 1891 1919 1929 1928 1918 1903 1887 1869 1850 1889 1906 1910 1904 1913 1928 1939 1950 1960 1977 1993 2015 2014 2007 1994 1981 1968 1958 1949 1940 1969 1986 2007 2021 2030 2038 2046 2054 2064 2074 2083 2086 2098 2106 2115 2129 2147 2166 2181 2191 2206 2215 2223 2260 2274 2282 2286 2282 2270 2255 2249 2244 2247 2262 2258 2250 2236 2215 2207 2199 2192 2188
1965 1942 1941 1943 1945 1965 1971 1973 1974 1970 1961 1942 1918 1911 1932 1941 1946 1932 1907 1887 1865 1871 1881 1902 1920 1923 1924 1934 1951 1960 1972 1983 1996 2016 2023 2022 2013 1998 1986 1977 1973 1972 1969 1970 2000 2024 2039 2051 2059 2067 2078 2090 2097 2100 2112 2122 2129 2137 2154 2166 2185 2194 2203 2220 2227 2262 2278 2291 2303 2292 2270 2272 2268 2265 2273 2281 2275 2263 2244 2229 2222 2208 2198 2200
1970 1973 1972 1987 1980 1985 1993 1993 1992 1989 1973 1952 1946 1931 1932 1953 1951 1928 1908 1885 1873 1879 1876 1893 1924 1944 1937 1944 1960 1968 1981 1991 1999 2017 2021 2030 2025 2015 2010 2002 1996 2002 1989 1988 1997 2017 2035 2051 2072 2083 2093 2105 2107 2116 2126 2140 2151 2160 2163 2172 2182 2190 2202 2219 2235 2249 2277 2278 2298 2297 2285 2272 2287 2290 2293 2299 2291 2277 2261 2250 2238 2223 2212 2206
2011 2013 1993 1999 2000 2006 2015 2012 2007 2003 1982 1962 1969 1959 1950 1953 1947 1933 1915 1900 1885 1886 1896 1898 1928 1955 1956 1948 1962 1975 1990 1997 2004 2009 2023 2035 2038 2032 2031 2021 2018 2018 2006 1988 2012 2023 2035 2046 2069 2085 2104 2118 2125 2134 2141 2158 2172 2185 2187 2182 2189 2201 2212 2232 2241 2259 2286 2306 2315 2308 2297 2290 2287 2320 2328 2334 2323 2288 2273 2268 2255 2239 2226 2218
2034 2040 2026 2024 2025 2027 2039 2031 2026 2014 1994 1983 1985 1983 1973 1962 1947 1948 1930 1909 1893 1897 1907 1895 1937 1963 1976 1962 1976 1989 1995 1999 2006 2014 2035 2044 2056 2053 2048 2039 2034 2021 2006 2008 2012 2041 2044 2055 2081 2094 2105 2128 2137 2149 2157 2164 2188 2203 2208 2211 2215 2217 2222 2244 2256 2271 2306 2315 2323 2316 2309 2307 2310 2343 2350 2348 2338 2309 2298 2288 2275 2254 2241 2232
2052 2078 2076 2059 2059 2054 2065 2055 2042 2026 2013 2009 1999 2007 1996 1981 1966 1948 1932 1914 1910 1917 1915 1896 1949 1973 1990 1982 1980 1994 1999 2003 2012 2017 2031 2058 2077 2073 2063 2053 2040 2029 2019 2035 2033 2041 2057 2077 2097 2114 2119 2130 2138 2150 2169 2181 2199 2214 2225 2226 2233 2240 2240 2261 2268 2287 2306 2328 2333 2323 2325 2326 2327 2343 2370 2355 2342 2336 2317 2304 2286 2267 2262 2257
2077 2106 2119 2095 2082 2077 2082 2074 2063 2048 2035 2021 2019 2030 2016 2006 1985 1957 1942 1923 1934 1937 1922 1907 1951 1975 1999 2005 1995 2001 2014 2015 2019 2029 2043 2074 2092 2092 2080 2064 2051 2036 2045 2054 2051 2048 2057 2098 2107 2123 2138 2146 2143 2145 2168 2184 2199 2224 2233 2238 2244 2250 2253 2267 2280 2292 2311 2330 2339 2344 2337 2337 2343 2366 2370 2369 2354 2348 2333 2315 2300 2296 2283 2271
2131 2155 2166 2153 2135 2125 2116 2112 2097 2079 2058 2038 2040 2048 2035 2021 1997 1969 1942 1942 1958 1957 1941 1927 1924 1983 2005 2019 2018 2013 2023 2026 2032 2055 2064 2078 2108 2106 2094 2076 2054 2049 2066 2070 2073 2071 2086 2132 2127 2131 2147 2152 2160 2167 2174 2190 2215 2233 2240 2241 2247 2253 2266 2273 2287 2301 2315 2327 2340 2353 2356 2359 2369 2391 2387 2369 2370 2362 2345 2331 2329 2319 2304 2282
2186 2205 2202 2197 2192 2175 2153 2132 2116 2094 2071 2052 2070 2068 2058 2030 2010 1985 1958 1942 1975 1981 1965 1946 1933 1972 1998 2021 2032 2030 2034 2037 2053 2067 2080 2103 2121 2117 2105 2087 2071 2063 2077 2090 2098 2106 2115 2132 2146 2136 2147 2159 2177 2187 2189 2187 2215 2231 2235 2243 2250 2258 2270 2284 2294 2306 2320 2327 2344 2350 2366 2375 2396 2406 2401 2381 2370 2378 2367 2347 2342 2334 2319 2295
2212 2226 2232 2223 2201 2182 2166 2143 2119 2096 2081 2091 2092 2084 2069 2037 2017 1990 1967 1957 1975 2000 1981 1970 1960 1947 1994 2020 2037 2047 2048 2058 2072 2083 2103 2124 2135 2127 2112 2100 2084 2082 2096 2109 2116 2123 2133 2147 2146 2147 2152 2169 2187 2200 2207 2206 2216 2225 2244 2248 2254 2263 2276 2285 2294 2306 2318 2325 2332 2360 2375 2398 2414 2426 2420 2405 2394 2405 2384 2367 2351 2333 2313 2313
2222 2233 2241 2237 2226 2197 2179 2151 2127 2104 2104 2114 2108 2097 2081 2045 2019 1990 1974 1979 2000 2018 2011 2004 1984 1964 1991 2018 2042 2058 2065 2075 2087 2106 2118 2131 2139 2135 2123 2112 2093 2098 2117 2125 2135 2142 2148 2153 2157 2147 2177 2183 2196 2205 2215 2223 2223 2224 2250 2256 2260 2270 2278 2288 2296 2306 2316 2330 2344 2368 2384 2410 2442 2451 2443 2436 2420 2405 2407 2394 2365 2342 2329 2333
2235 2243 2248 2238 2231 2214 2204 2171 2150 2133 2147 2144 2129 2109 2087 2064 2019 1995 1995 2016 2023 2018 2042 2026 1999 1989 1975 2018 2041 2061 2075 2086 2097 2113 2124 2135 2142 2140 2128 2114 2099 2112 2125 2135 2147 2152 2156 2161 2174 2160 2177 2199 2207 2216 2225 2233 2238 2229 2240 2265 2274 2281 2287 2294 2298 2308 2321 2332 2342 2371 2397 2409 2432 2450 2456 2454 2438 2422 2407 2411 2378 2362 2344 2344
2250 2260 2265 2255 2246 2228 2219 2203 2178 2165 2167 2154 2128 2108 2084 2064 2027 2007 2016 2037 2042 2040 2042 2046 2028 2012 1991 2018 2046 2060 2076 2090 2098 2108 2118 2126 2135 2140 2136 2123 2111 2125 2142 2150 2157 2158 2164 2169 2181 2173 2190 2208 2216 2221 2231 2241 2248 2243 2247 2264 2273 2284 2292 2300 2307 2313 2326 2336 2347 2366 2406 2417 2435 2447 2457 2462 2456 2442 2430 2411 2407 2378 2362 2356
2264 2282 2285 2277 2269 2260 2233 2216 2193 2189 2179 2165 2140 2116 2094 2074 2056 2036 2045 2059 2066 2064 2062 2046 2049 2039 2027 2018 2035 2063 2076 2089 2096 2101 2106 2115 2121 2132 2146 2134 2119 2133 2157 2164 2170 2173 2177 2179 2181 2182 2194 2208 2216 2229 2238 2253 2256 2255 2261 2263 2276 2286 2293 2303 2310 2317 2327 2337 2345 2369 2398 2413 2430 2442 2453 2464 2468 2461 2446 2424 2407 2393 2377 2370
2290 2294 2300 2295 2282 2269 2233 2217 2207 2201 2192 2177 2156 2126 2107 2091 2071 2074 2085 2100 2102 2092 2086 2066 2049 2062 2049 2037 2038 2046 2056 2070 2079 2092 2100 2111 2118 2128 2138 2141 2134 2147 2156 2171 2175 2179 2184 2184 2186 2194 2197 2207 2216 2228 2240 2249 2256 2261 2265 2270 2280 2286 2292 2299 2308 2316 2329 2339 2349 2372 2389 2412 2422 2433 2443 2463 2477 2473 2456 2436 2419 2405 2391 2379
2314 2314 2315 2308 2290 2271 2249 2216 2212 2208 2196 2179 2166 2145 2123 2102 2082 2123 2125 2124 2131 2124 2107 2093 2081 2086 2074 2054 2058 2057 2061 2065 2068 2086 2096 2103 2111 2126 2140 2154 2149 2159 2166 2176 2180 2185 2188 2192 2202 2206 2205 2216 2222 2228 2238 2247 2252 2261 2267 2270 2286 2295 2296 2299 2305 2313 2329 2349 2358 2372 2385 2406 2419 2439 2450 2464 2473 2474 2471 2455 2439 2417 2403 2390
2333 2327 2320 2306 2285 2268 2239 2232 2224 2209 2188 2171 2169 2147 2123 2106 2102 2133 2141 2157 2155 2141 2134 2126 2107 2086 2093 2089 2093 2088 2081 2082 2080 2085 2089 2100 2116 2130 2139 2163 2164 2166 2176 2182 2186 2194 2201 2207 2211 2216 2214 2221 2225 2229 2238 2249 2255 2258 2267 2276 2285 2297 2302 2306 2312 2326 2340 2362 2373 2386 2393 2404 2433 2448 2456 2465 2470 2466 2470 2466 2449 2429 2403 2398
2347 2329 2315 2291 2270 2264 2253 2254 2226 2206 2181 2166 2161 2143 2117 2118 2139 2165 2173 2179 2179 2176 2166 2151 2134 2117 2093 2117 2134 2122 2123 2118 2110 2105 2101 2102 2107 2126 2143 2151 2179 2184 2183 2189 2192 2201 2209 2215 2221 2225 2227 2222 2227 2234 2241 2254 2259 2270 2279 2286 2292 2303 2311 2320 2328 2349 2355 2378 2394 2404 2405 2418 2441 2450 2456 2459 2461 2460 2466 2464 2452 2450 2434 2398
2350 2331 2308 2287 2277 2277 2268 2260 2224 2202 2195 2181 2148 2127 2130 2136 2165 2191 2192 2202 2204 2196 2187 2175 2155 2136 2111 2117 2150 2149 2150 2145 2138 2134 2128 2115 2115 2122 2136 2153 2188 2197 2203 2201 2211 2214 2218 2225 2228 2234 2237 2232 2232 2238 2245 2254 2271 2282 2289 2300 2302 2308 2325 2331 2346 2359 2375 2390 2404 2414 2414 2423 2435 2444 2452 2455 2457 2455 2461 2463 2463 2456 2444 2408
2347 2324 2320 2312 2303 2288 2279 2255 2230 2229 2211 2194 2177 2178 2189 2194 2205 2213 2220 2227 2228 2226 2211 2198 2176 2147 2139 2138 2150 2162 2179 2168 2160 2158 2153 2147 2137 2125 2144 2160 2177 2204 2219 2222 2225 2230 2236 2243 2246 2245 2244 2250 2256 2253 2258 2263 2271 2308 2320 2328 2329 2327 2347 2353 2360 2377 2389 2400 2410 2423 2426 2428 2429 2442 2446 2448 2447 2450 2459 2464 2463 2462 2453 2438
2347 2343 2337 2325 2309 2293 2285 2267 2268 2250 2234 2217 2202 2206 2229 2244 2253 2263 2273 2269 2253 2245 2232 2213 2196 2180 2163 2160 2175 2185 2207 2203 2207 2199 2177 2169 2157 2144 2141 2161 2178 2208 2224 2234 2239 2246 2252 2258 2259 2256 2255 2256 2265 2265 2268 2278 2294 2308 2345 2363 2359 2355 2367 2378 2380 2393 2404 2414 2419 2428 2432 2436 2433 2442 2445 2446 2443 2444 2447 2458 2458 2457 2454 2443
2357 2343 2342 2334 2317 2298 2285 2289 2295 2285 2259 2229 2221 2246 2276 2286 2288 2292 2294 2291 2271 2252 2229 2219 2208 2216 2213 2198 2193 2185 2220 2233 2224 2214 2206 2190 2173 2160 2156 2157 2170 2212 2227 2241 2253 2264 2272 2275 2273 2273 2274 2272 2275 2283 2291 2310 2317 2329 2345 2375 2376 2373 2379 2389 2396 2412 2423 2427 2429 2427 2425 2432 2435 2433 2437 2440 2439 2440 2441 2446 2450 2451 2451 2450
2373 2350 2342 2342 2327 2310 2304 2320 2318 2310 2283 2254 2255 2265 2290 2300 2300 2304 2306 2301 2270 2255 2239 2228 2223 2228 2222 2228 2223 2211 2220 2253 2247 2238 2226 2207 2185 2185 2187 2178 2176 2196 2230 2245 2256 2269 2280 2290 2295 2303 2299 2298 2298 2301 2309 2330 2342 2351 2365 2380 2382 2380 2388 2401 2412 2419 2423 2424 2418 2412 2414 2420 2429 2435 2428 2427 2429 2430 2429 2434 2440 2438 2444 2448
2379 2367 2362 2371 2363 2341 2327 2339 2337 2328 2288 2279 2282 2278 2297 2304 2309 2313 2314 2310 2294 2275 2263 2265 2249 2250 2246 2254 2249 2239 2250 2255 2268 2256 2237 2207 2207 2211 2215 2207 2200 2192 2231 2246 2260 2273 2288 2299 2309 2318 2320 2317 2315 2332 2332 2342 2359 2367 2374 2380 2389 2393 2399 2399 2400 2405 2407 2408 2406 2407 2410 2413 2422 2433 2430 2420 2421 2421 2420 2425 2429 2424 2434 2441
2379 2378 2374 2371 2368 2352 2364 2370 2350 2337 2335 2305 2300 2298 2302 2314 2322 2324 2331 2325 2318 2295 2290 2290 2267 2269 2256 2263 2269 2266 2270 2276 2268 2254 2225 2221 2231 2230 2239 2233 2221 2213 2214 2245 2264 2277 2290 2305 2314 2323 2329 2335 2336 2354 2351 2354 2361 2368 2374 2379 2389 2388 2393 2395 2386 2389 2391 2396 2400 2405 2403 2404 2411 2420 2419 2415 2414 2418 2417 2422 2421 2417 2426 2433
2386 2395 2395 2384 2368 2381 2383 2383 2367 2355 2353 2325 2327 2314 2317 2332 2334 2336 2348 2343 2337 2333 2307 2308 2296 2287 2272 2282 2290 2290 2289 2295 2274 2253 2237 2249 2252 2249 2255 2247 2242 2236 2230 2246 2257 2278 2292 2308 2317 2333 2342 2351 2356 2361 2360 2360 2357 2363 2375 2381 2385 2388 2384 2382 2379 2378 2378 2388 2391 2394 2396 2398 2404 2407 2409 2406 2405 2411 2412 2414 2413 2414 2420 2426
