includes/DEM/sundarijal_DEM_by_extent.asc
ncols        313
nrows        272
xllcorner    931885.867800000007
yllcorner    3077102.604299999774
cellsize     30.000000000000
NODATA_value -32767
[rows 228 to 265 of 272, columns 84 to 167 of 313]
1408 1412 1419 1418 1425 1439 1460 1476 1490 1499 1503 1521 1537 1544 1538 1533 1528 1538 1548 1543 1545 1560 1576 1582 1576 1564 1555 1537 1524 1511 1500 1490 1478 1452 1449 1455 1448 1448 1441 1436 1445 1436 1425 1404 1398 1388 1385 1381 1381 1371 1359 1393 1392 1396 1396 1397 1396 1396 1395 1393 1398 1400 1401 1405 1403 1404 1404 1404 1402 1394 1367 1369 1366 1370 1381 1386 1395 1404 1402 1396 1410 1411 1409 1400
1413 1408 1411 1418 1425 1432 1449 1466 1477 1483 1494 1514 1528 1535 1538 1516 1512 1530 1535 1533 1542 1559 1571 1573 1563 1558 1551 1543 1516 1497 1491 1487 1484 1467 1447 1434 1435 1434 1429 1425 1427 1420 1409 1404 1386 1382 1383 1381 1379 1374 1356 1375 1387 1394 1396 1396 1395 1395 1393 1394 1398 1399 1400 1400 1401 1402 1402 1401 1397 1387 1373 1369 1370 1374 1379 1380 1384 1392 1396 1406 1418 1410 1403 1393
1406 1411 1413 1418 1421 1423 1454 1462 1466 1477 1490 1507 1515 1520 1526 1516 1501 1513 1522 1522 1536 1556 1569 1566 1556 1545 1540 1534 1511 1500 1493 1482 1474 1469 1456 1440 1427 1420 1429 1415 1410 1406 1398 1394 1384 1379 1378 1378 1377 1376 1363 1382 1391 1392 1395 1395 1394 1393 1391 1394 1396 1397 1398 1398 1399 1398 1399 1400 1399 1387 1369 1366 1370 1394 1395 1403 1409 1414 1411 1413 1413 1408 1403 1399
1400 1407 1416 1415 1415 1422 1439 1444 1456 1468 1488 1505 1502 1505 1511 1505 1501 1493 1508 1510 1534 1554 1560 1552 1545 1539 1531 1517 1500 1496 1491 1484 1477 1472 1453 1444 1437 1422 1415 1409 1401 1393 1396 1395 1384 1378 1377 1377 1378 1371 1363 1382 1395 1394 1393 1394 1394 1391 1391 1394 1395 1398 1397 1397 1398 1398 1398 1398 1398 1385 1363 1364 1385 1394 1407 1408 1408 1409 1410 1411 1410 1408 1402 1400
1403 1410 1411 1411 1410 1425 1433 1435 1447 1459 1486 1496 1488 1497 1503 1494 1489 1493 1490 1507 1529 1546 1549 1541 1538 1536 1525 1513 1499 1488 1479 1473 1471 1461 1449 1442 1437 1429 1421 1415 1393 1390 1386 1384 1381 1378 1375 1372 1369 1362 1377 1385 1393 1392 1392 1390 1388 1391 1394 1394 1395 1396 1397 1398 1397 1397 1398 1398 1397 1377 1362 1377 1398 1397 1401 1404 1405 1406 1407 1407 1408 1410 1405 1398
1404 1409 1407 1408 1407 1410 1420 1422 1443 1466 1480 1477 1464 1483 1492 1484 1478 1483 1476 1509 1521 1519 1522 1525 1519 1525 1524 1512 1494 1479 1473 1464 1458 1465 1456 1447 1436 1430 1424 1416 1401 1392 1394 1381 1377 1376 1375 1369 1363 1358 1362 1384 1389 1391 1391 1391 1393 1393 1394 1394 1393 1394 1395 1395 1396 1396 1397 1398 1392 1372 1368 1385 1395 1396 1401 1403 1404 1405 1405 1406 1407 1407 1405 1390
1401 1407 1403 1406 1404 1407 1409 1415 1452 1464 1467 1455 1455 1471 1470 1461 1463 1466 1476 1506 1508 1509 1496 1495 1500 1510 1510 1503 1488 1481 1465 1456 1451 1447 1444 1445 1437 1427 1420 1416 1410 1390 1387 1380 1373 1373 1371 1369 1350 1357 1358 1382 1383 1392 1394 1389 1392 1394 1394 1393 1393 1393 1394 1395 1395 1396 1396 1396 1376 1365 1368 1388 1405 1400 1402 1403 1403 1402 1402 1405 1405 1404 1406 1397
1400 1403 1401 1402 1397 1402 1408 1420 1435 1452 1446 1438 1451 1454 1451 1448 1448 1456 1476 1506 1492 1497 1484 1476 1490 1498 1496 1489 1483 1479 1463 1460 1450 1441 1438 1439 1431 1424 1417 1410 1405 1391 1383 1377 1371 1370 1368 1361 1352 1366 1365 1370 1372 1388 1391 1390 1392 1393 1392 1390 1392 1392 1393 1393 1393 1392 1390 1380 1365 1366 1381 1396 1406 1400 1399 1401 1403 1397 1401 1404 1402 1401 1399 1393
1398 1399 1398 1393 1390 1395 1405 1414 1425 1438 1427 1426 1440 1441 1437 1437 1436 1445 1462 1483 1492 1474 1466 1471 1485 1484 1482 1473 1469 1470 1462 1455 1455 1456 1444 1430 1422 1420 1418 1410 1402 1391 1384 1379 1370 1366 1361 1355 1352 1368 1366 1369 1367 1383 1389 1390 1391 1392 1390 1387 1390 1391 1392 1388 1383 1387 1375 1369 1362 1367 1391 1397 1401 1396 1396 1399 1397 1397 1403 1404 1399 1397 1401 1389
1396 1396 1397 1389 1384 1395 1402 1412 1424 1426 1414 1421 1429 1431 1428 1423 1425 1436 1458 1478 1472 1474 1456 1470 1471 1466 1461 1457 1454 1454 1457 1448 1448 1450 1444 1436 1426 1418 1414 1410 1403 1396 1384 1378 1375 1367 1364 1350 1366 1368 1361 1357 1358 1367 1386 1387 1391 1392 1387 1384 1389 1391 1392 1384 1371 1377 1368 1361 1362 1378 1390 1393 1383 1389 1393 1392 1394 1400 1399 1402 1394 1392 1386 1375
1395 1395 1395 1386 1379 1390 1402 1412 1421 1423 1405 1414 1413 1422 1421 1416 1430 1443 1461 1470 1462 1454 1447 1465 1465 1452 1448 1444 1443 1449 1447 1445 1435 1433 1434 1430 1425 1426 1412 1408 1403 1398 1385 1380 1376 1369 1370 1351 1360 1361 1361 1355 1356 1361 1375 1380 1388 1391 1383 1386 1390 1389 1389 1391 1368 1363 1361 1358 1358 1366 1371 1373 1376 1386 1385 1390 1400 1401 1399 1397 1387 1382 1380 1371
1393 1392 1392 1384 1377 1380 1395 1401 1406 1406 1397 1397 1398 1406 1411 1418 1433 1448 1451 1456 1451 1441 1447 1463 1461 1449 1435 1442 1431 1436 1433 1443 1432 1430 1426 1424 1419 1418 1407 1400 1399 1395 1392 1377 1377 1372 1372 1361 1354 1356 1356 1355 1358 1354 1359 1367 1380 1384 1377 1383 1384 1387 1390 1389 1361 1357 1356 1357 1359 1359 1362 1375 1378 1390 1394 1390 1399 1398 1389 1397 1391 1377 1370 1376
1392 1387 1383 1377 1378 1373 1380 1388 1392 1387 1388 1386 1400 1415 1411 1417 1432 1440 1435 1439 1437 1433 1448 1463 1459 1447 1431 1437 1431 1419 1426 1428 1416 1418 1423 1423 1411 1401 1403 1399 1390 1392 1382 1374 1376 1369 1366 1369 1358 1353 1353 1355 1354 1355 1354 1361 1378 1375 1379 1391 1390 1392 1390 1382 1363 1356 1357 1359 1381 1376 1368 1376 1393 1398 1398 1388 1401 1391 1386 1399 1391 1377 1376 1384
1388 1387 1382 1379 1372 1372 1381 1386 1379 1372 1375 1390 1404 1406 1410 1413 1424 1428 1419 1424 1421 1421 1454 1461 1459 1440 1431 1424 1428 1419 1411 1414 1409 1400 1406 1409 1404 1395 1387 1391 1380 1379 1376 1375 1373 1369 1364 1371 1350 1359 1351 1351 1354 1351 1352 1363 1370 1368 1376 1387 1393 1391 1390 1369 1356 1355 1362 1382 1376 1371 1375 1387 1394 1398 1393 1380 1398 1390 1385 1395 1390 1377 1382 1382
1389 1384 1379 1375 1373 1371 1377 1378 1371 1373 1373 1384 1403 1404 1406 1407 1414 1414 1407 1411 1410 1417 1461 1462 1453 1440 1413 1415 1418 1414 1404 1392 1391 1397 1389 1392 1393 1385 1383 1384 1376 1374 1373 1372 1371 1369 1367 1362 1353 1351 1351 1349 1349 1351 1353 1365 1366 1383 1388 1390 1391 1390 1381 1364 1355 1354 1365 1370 1366 1385 1383 1392 1396 1395 1389 1378 1390 1373 1375 1380 1378 1371 1386 1393
1387 1385 1381 1373 1372 1368 1369 1367 1367 1371 1377 1398 1402 1401 1402 1399 1403 1402 1396 1398 1408 1423 1442 1457 1448 1426 1405 1400 1400 1398 1399 1389 1381 1391 1382 1381 1380 1380 1377 1375 1374 1374 1373 1373 1375 1371 1365 1364 1355 1349 1349 1347 1349 1350 1353 1364 1365 1376 1385 1385 1383 1383 1372 1357 1354 1353 1369 1364 1381 1389 1392 1394 1394 1392 1377 1373 1383 1362 1361 1366 1368 1371 1386 1399
1386 1385 1383 1377 1368 1360 1361 1360 1368 1367 1374 1395 1401 1399 1398 1393 1387 1389 1394 1398 1410 1427 1439 1432 1431 1423 1405 1399 1386 1388 1383 1381 1378 1385 1379 1378 1383 1377 1373 1372 1372 1373 1372 1374 1370 1365 1361 1356 1355 1351 1348 1348 1348 1351 1362 1363 1365 1369 1381 1378 1368 1367 1357 1353 1353 1355 1361 1365 1380 1390 1395 1392 1383 1375 1369 1366 1367 1361 1365 1375 1385 1384 1390 1399
1385 1383 1382 1379 1371 1364 1358 1358 1369 1377 1384 1390 1398 1396 1398 1390 1380 1384 1387 1391 1407 1418 1430 1428 1417 1419 1412 1399 1387 1383 1381 1375 1381 1381 1376 1375 1375 1375 1370 1370 1371 1376 1370 1371 1368 1358 1356 1353 1354 1355 1352 1347 1347 1356 1361 1362 1361 1364 1360 1360 1360 1353 1353 1352 1352 1354 1358 1364 1377 1388 1393 1387 1371 1364 1367 1362 1364 1369 1374 1388 1384 1389 1397 1397
1385 1383 1379 1377 1369 1358 1357 1359 1380 1382 1378 1381 1392 1395 1392 1385 1375 1378 1380 1388 1406 1410 1414 1409 1398 1409 1395 1388 1387 1382 1383 1377 1378 1377 1375 1372 1370 1370 1370 1370 1372 1373 1369 1369 1367 1363 1353 1354 1353 1352 1351 1347 1346 1349 1360 1361 1361 1361 1355 1356 1352 1350 1351 1352 1352 1352 1358 1385 1391 1392 1386 1376 1363 1361 1371 1368 1371 1375 1392 1394 1392 1395 1396 1396
1385 1383 1378 1368 1366 1364 1358 1357 1364 1367 1364 1380 1394 1394 1394 1390 1383 1369 1373 1385 1395 1398 1404 1403 1396 1396 1390 1384 1373 1382 1378 1375 1381 1375 1372 1370 1369 1368 1369 1371 1368 1367 1367 1366 1366 1362 1354 1357 1351 1351 1348 1347 1345 1348 1355 1358 1357 1361 1351 1351 1350 1349 1350 1350 1350 1357 1363 1372 1389 1390 1383 1362 1359 1363 1367 1370 1378 1388 1397 1398 1394 1390 1381 1387
1385 1383 1379 1377 1367 1363 1358 1355 1360 1359 1380 1389 1392 1390 1385 1385 1378 1367 1370 1377 1387 1385 1393 1394 1392 1386 1387 1384 1375 1378 1378 1375 1378 1375 1374 1369 1368 1370 1368 1366 1366 1366 1365 1365 1364 1363 1358 1352 1350 1349 1347 1345 1345 1347 1352 1353 1353 1351 1351 1348 1350 1349 1350 1353 1353 1355 1357 1364 1381 1376 1369 1357 1362 1365 1367 1380 1388 1389 1394 1396 1386 1375 1384 1392
1387 1383 1379 1372 1372 1366 1361 1359 1354 1359 1371 1381 1388 1387 1383 1381 1384 1367 1366 1380 1376 1379 1388 1384 1381 1382 1378 1378 1377 1373 1378 1375 1370 1372 1372 1368 1367 1368 1366 1365 1364 1365 1366 1368 1364 1363 1361 1353 1350 1348 1346 1344 1345 1346 1348 1350 1348 1347 1349 1348 1348 1348 1350 1354 1354 1355 1356 1359 1366 1361 1357 1356 1363 1367 1373 1392 1392 1392 1394 1388 1381 1370 1377 1391
1390 1385 1377 1371 1369 1366 1362 1358 1355 1357 1365 1376 1385 1384 1381 1378 1384 1376 1362 1373 1377 1371 1375 1379 1379 1378 1379 1376 1375 1376 1375 1375 1371 1372 1368 1369 1367 1365 1365 1365 1364 1363 1363 1364 1364 1365 1365 1367 1352 1347 1345 1345 1344 1346 1346 1346 1346 1347 1348 1348 1348 1349 1350 1353 1354 1355 1356 1356 1367 1356 1356 1361 1373 1379 1388 1389 1393 1393 1393 1397 1368 1367 1379 1390
1392 1386 1379 1371 1367 1366 1361 1357 1354 1354 1357 1379 1385 1382 1379 1377 1379 1374 1368 1363 1370 1378 1375 1375 1374 1374 1374 1373 1373 1372 1370 1365 1371 1367 1367 1364 1364 1362 1362 1363 1364 1363 1369 1373 1367 1366 1368 1369 1350 1348 1347 1344 1344 1345 1345 1345 1346 1347 1348 1348 1348 1349 1349 1351 1351 1352 1353 1355 1364 1355 1357 1363 1369 1378 1389 1392 1391 1392 1392 1389 1369 1373 1385 1372
1387 1383 1378 1372 1367 1363 1361 1359 1353 1353 1366 1383 1380 1379 1378 1371 1378 1377 1375 1361 1362 1375 1373 1372 1372 1373 1373 1372 1376 1366 1369 1374 1370 1366 1364 1363 1363 1362 1362 1363 1365 1362 1372 1375 1376 1378 1368 1364 1352 1350 1349 1345 1344 1345 1345 1345 1345 1347 1347 1348 1348 1349 1349 1350 1351 1351 1351 1353 1354 1354 1359 1364 1373 1386 1388 1389 1389 1388 1382 1383 1376 1383 1381 1370
1387 1383 1380 1375 1368 1363 1360 1359 1356 1353 1367 1379 1379 1378 1376 1369 1376 1375 1374 1365 1359 1376 1373 1372 1371 1370 1370 1364 1373 1369 1367 1367 1367 1366 1364 1363 1362 1362 1362 1365 1369 1361 1375 1376 1378 1378 1380 1377 1360 1350 1346 1345 1344 1344 1344 1345 1345 1346 1346 1347 1348 1349 1349 1350 1352 1356 1357 1356 1356 1358 1368 1370 1376 1386 1388 1387 1383 1384 1370 1377 1363 1374 1367 1363
1389 1387 1382 1377 1375 1367 1360 1359 1357 1353 1375 1380 1376 1375 1374 1367 1369 1374 1372 1364 1358 1372 1371 1370 1370 1369 1371 1372 1375 1368 1365 1366 1366 1365 1364 1363 1362 1362 1364 1364 1364 1363 1373 1372 1377 1375 1374 1370 1359 1356 1346 1345 1345 1344 1344 1344 1344 1345 1346 1346 1347 1348 1349 1349 1354 1357 1358 1359 1361 1362 1368 1381 1388 1387 1387 1380 1370 1373 1370 1367 1367 1360 1360 1361
1386 1390 1386 1382 1377 1372 1361 1359 1355 1361 1378 1377 1375 1374 1370 1364 1369 1375 1370 1360 1369 1374 1370 1369 1367 1365 1360 1366 1367 1365 1365 1365 1367 1367 1364 1363 1362 1361 1362 1363 1361 1361 1366 1362 1368 1373 1375 1364 1359 1357 1346 1345 1345 1345 1345 1344 1344 1344 1346 1346 1347 1347 1348 1349 1351 1356 1360 1362 1374 1376 1383 1384 1387 1386 1386 1378 1369 1364 1362 1360 1381 1381 1378 1376
1387 1390 1390 1381 1377 1373 1370 1359 1355 1361 1380 1379 1375 1372 1367 1363 1371 1373 1363 1357 1368 1373 1369 1368 1364 1359 1359 1370 1367 1364 1364 1365 1364 1369 1364 1362 1362 1362 1361 1364 1362 1359 1359 1357 1359 1364 1363 1359 1358 1357 1347 1345 1344 1344 1344 1344 1344 1343 1344 1346 1346 1347 1348 1348 1351 1356 1359 1365 1380 1384 1385 1386 1386 1386 1385 1378 1366 1356 1357 1370 1392 1390 1390 1392
1389 1389 1396 1390 1376 1373 1371 1359 1355 1357 1375 1374 1371 1369 1363 1363 1370 1371 1362 1357 1361 1376 1369 1367 1361 1362 1369 1371 1368 1364 1365 1365 1365 1364 1363 1363 1365 1361 1361 1362 1363 1360 1361 1361 1362 1357 1358 1356 1356 1348 1344 1345 1344 1344 1344 1344 1343 1343 1343 1345 1346 1347 1347 1347 1350 1356 1360 1375 1383 1383 1385 1384 1385 1386 1382 1370 1359 1364 1377 1383 1384 1382 1386 1394
1389 1387 1386 1381 1370 1366 1361 1358 1356 1357 1367 1376 1370 1375 1365 1361 1368 1369 1366 1360 1358 1370 1368 1368 1363 1355 1367 1367 1367 1364 1366 1365 1365 1364 1363 1362 1362 1361 1361 1361 1366 1361 1365 1361 1359 1357 1350 1350 1346 1344 1344 1344 1344 1344 1344 1344 1343 1343 1343 1345 1346 1346 1348 1348 1352 1357 1360 1388 1384 1383 1382 1384 1380 1379 1373 1365 1357 1363 1365 1371 1371 1388 1386 1394
1386 1387 1386 1384 1385 1367 1363 1360 1356 1352 1367 1361 1364 1368 1367 1359 1360 1366 1368 1360 1357 1357 1362 1357 1361 1364 1368 1365 1364 1365 1365 1364 1364 1364 1363 1363 1362 1361 1361 1361 1362 1361 1360 1360 1360 1358 1347 1346 1344 1344 1343 1344 1343 1343 1343 1343 1342 1342 1343 1344 1345 1346 1350 1353 1355 1358 1361 1381 1381 1377 1375 1382 1380 1367 1360 1357 1357 1368 1378 1379 1383 1394 1393 1392
1383 1387 1387 1385 1383 1378 1376 1371 1355 1352 1357 1355 1358 1362 1369 1356 1357 1360 1366 1364 1357 1350 1359 1362 1367 1367 1366 1365 1365 1366 1364 1364 1367 1363 1363 1362 1362 1361 1361 1361 1361 1361 1360 1360 1360 1358 1348 1345 1344 1343 1343 1343 1343 1343 1343 1342 1343 1343 1344 1343 1345 1346 1348 1352 1356 1358 1363 1381 1374 1367 1374 1377 1367 1355 1365 1369 1366 1383 1390 1392 1395 1395 1396 1391
1382 1386 1385 1384 1384 1378 1375 1371 1363 1352 1352 1355 1353 1360 1359 1360 1354 1356 1359 1363 1356 1349 1356 1359 1368 1365 1366 1366 1366 1367 1363 1363 1363 1363 1363 1362 1362 1361 1361 1360 1361 1361 1361 1360 1360 1358 1357 1351 1353 1346 1343 1343 1343 1343 1342 1342 1343 1343 1343 1343 1343 1346 1348 1352 1356 1358 1361 1377 1374 1365 1372 1372 1361 1354 1363 1377 1382 1385 1395 1398 1396 1393 1393 1392
1384 1384 1381 1377 1382 1377 1373 1370 1368 1355 1350 1350 1353 1349 1349 1352 1354 1354 1354 1355 1353 1351 1354 1366 1366 1365 1367 1365 1368 1364 1363 1363 1363 1363 1362 1362 1362 1361 1360 1360 1360 1360 1360 1360 1360 1357 1356 1356 1359 1346 1342 1342 1342 1343 1342 1342 1342 1343 1343 1343 1343 1344 1347 1354 1355 1357 1358 1365 1362 1365 1358 1358 1353 1357 1364 1371 1382 1383 1393 1392 1394 1393 1391 1390
1383 1381 1376 1375 1378 1379 1372 1369 1373 1370 1354 1350 1349 1349 1348 1348 1358 1353 1354 1354 1354 1349 1367 1369 1365 1365 1365 1365 1364 1363 1364 1363 1363 1362 1362 1362 1362 1360 1360 1360 1360 1360 1360 1360 1360 1356 1357 1358 1348 1343 1342 1342 1342 1342 1342 1342 1342 1343 1343 1343 1342 1343 1346 1350 1355 1353 1352 1354 1359 1359 1358 1353 1355 1359 1374 1381 1394 1389 1386 1390 1391 1390 1390 1388
1379 1379 1372 1368 1372 1373 1370 1367 1370 1367 1355 1354 1353 1352 1348 1354 1356 1353 1353 1353 1352 1360 1368 1364 1364 1364 1367 1364 1363 1362 1363 1363 1362 1362 1361 1361 1361 1360 1360 1360 1360 1360 1360 1367 1360 1352 1348 1345 1342 1342 1342 1342 1342 1342 1342 1342 1342 1342 1345 1343 1342 1342 1348 1354 1349 1349 1349 1349 1350 1351 1351 1360 1358 1361 1374 1396 1392 1391 1391 1390 1388 1386 1387 1391
1376 1378 1372 1367 1369 1368 1367 1367 1366 1366 1364 1362 1357 1352 1350 1350 1352 1352 1352 1348 1350 1367 1365 1363 1363 1364 1365 1365 1363 1363 1362 1363 1362 1361 1361 1361 1360 1360 1360 1360 1360 1360 1360 1367 1350 1342 1342 1341 1342 1342 1342 1342 1342 1342 1342 1342 1342 1342 1342 1342 1343 1345 1355 1355 1349 1349 1354 1353 1353 1354 1358 1360 1368 1366 1368 1384 1389 1390 1391 1388 1386 1382 1381 1381
