includes/DEM/sundarijal_DEM_by_extent.asc
ncols        313
nrows        272
xllcorner    931885.867800000007
yllcorner    3077102.604299999774
cellsize     30.000000000000
NODATA_value -32767
[rows 228 to 265 of 272, columns 0 to 83 of 313]
1537 1555 1578 1629 1617 1608 1591 1575 1556 1537 1522 1506 1486 1493 1470 1452 1438 1429 1430 1425 1417 1412 1407 1404 1405 1388 1386 1386 1386 1389 1395 1396 1395 1400 1396 1397 1380 1367 1369 1378 1391 1396 1393 1388 1391 1397 1393 1383 1378 1379 1384 1394 1394 1394 1393 1393 1391 1417 1412 1411 1410 1407 1412 1420 1430 1431 1426 1422 1418 1417 1409 1410 1408 1413 1415 1403 1401 1403 1409 1404 1405 1409 1416 1417
1536 1554 1572 1596 1617 1607 1589 1568 1549 1538 1527 1511 1493 1493 1491 1457 1444 1424 1419 1419 1416 1411 1409 1406 1400 1390 1386 1384 1385 1390 1392 1393 1392 1396 1388 1384 1374 1368 1366 1370 1376 1390 1393 1386 1393 1395 1397 1378 1376 1379 1388 1395 1392 1392 1392 1394 1388 1399 1403 1403 1408 1408 1405 1408 1418 1428 1425 1421 1414 1412 1409 1410 1405 1410 1410 1403 1397 1405 1412 1402 1401 1405 1412 1408
1540 1558 1575 1592 1611 1606 1588 1573 1550 1534 1520 1512 1514 1506 1491 1457 1454 1438 1426 1416 1409 1408 1405 1404 1404 1397 1384 1385 1385 1390 1390 1390 1389 1391 1387 1372 1373 1364 1361 1367 1374 1393 1393 1384 1390 1392 1395 1378 1375 1381 1395 1394 1392 1390 1389 1387 1386 1385 1387 1387 1391 1395 1398 1398 1406 1413 1419 1416 1416 1404 1406 1410 1401 1407 1406 1399 1394 1401 1406 1407 1399 1401 1406 1404
1538 1559 1576 1593 1607 1604 1584 1574 1563 1546 1536 1528 1522 1506 1492 1457 1456 1437 1431 1428 1414 1406 1402 1399 1397 1396 1384 1381 1381 1388 1388 1389 1386 1387 1391 1379 1357 1362 1365 1366 1380 1388 1390 1384 1380 1381 1385 1378 1371 1377 1399 1395 1398 1389 1388 1387 1385 1384 1383 1380 1379 1386 1397 1400 1394 1409 1407 1409 1409 1405 1399 1404 1401 1406 1400 1394 1390 1392 1407 1409 1395 1397 1397 1397
1539 1553 1562 1592 1601 1597 1577 1565 1552 1543 1528 1520 1518 1506 1493 1476 1447 1442 1438 1431 1417 1411 1398 1395 1393 1392 1387 1380 1376 1384 1388 1388 1388 1384 1382 1382 1359 1361 1362 1369 1381 1390 1390 1382 1380 1376 1377 1378 1368 1367 1383 1386 1395 1391 1387 1386 1385 1384 1383 1380 1378 1375 1383 1383 1387 1397 1401 1403 1403 1409 1398 1399 1401 1399 1399 1390 1385 1388 1392 1387 1389 1395 1395 1399
1536 1545 1562 1591 1601 1595 1581 1569 1557 1542 1523 1508 1495 1490 1483 1474 1447 1453 1446 1431 1420 1409 1405 1397 1392 1389 1384 1377 1375 1367 1380 1388 1388 1395 1376 1371 1360 1356 1359 1364 1373 1385 1388 1381 1377 1376 1372 1372 1370 1375 1383 1381 1394 1396 1390 1387 1386 1386 1391 1392 1390 1391 1385 1380 1393 1398 1398 1386 1392 1402 1392 1395 1398 1399 1396 1392 1386 1387 1389 1386 1391 1391 1396 1400
1547 1557 1575 1593 1598 1594 1580 1566 1556 1544 1533 1529 1510 1490 1480 1467 1464 1453 1444 1433 1423 1414 1403 1397 1398 1395 1386 1382 1379 1371 1368 1382 1386 1382 1373 1368 1360 1352 1356 1358 1359 1376 1388 1381 1376 1374 1371 1371 1361 1378 1394 1390 1392 1396 1393 1393 1393 1392 1390 1389 1388 1390 1378 1376 1378 1377 1385 1381 1380 1395 1399 1391 1393 1395 1396 1387 1388 1390 1395 1389 1382 1392 1393 1396
1551 1563 1573 1589 1590 1590 1569 1561 1549 1536 1523 1521 1509 1500 1488 1480 1478 1459 1444 1443 1431 1420 1408 1399 1395 1395 1391 1390 1376 1370 1366 1364 1384 1378 1371 1365 1356 1351 1350 1353 1354 1358 1373 1380 1375 1372 1371 1365 1362 1385 1392 1391 1391 1393 1393 1391 1390 1389 1388 1387 1390 1383 1375 1370 1367 1381 1387 1375 1375 1389 1395 1383 1390 1393 1389 1387 1384 1392 1384 1381 1385 1390 1399 1399
1551 1561 1573 1578 1587 1578 1556 1542 1536 1527 1515 1507 1507 1502 1491 1483 1477 1452 1449 1443 1426 1420 1411 1404 1398 1391 1392 1392 1373 1366 1364 1361 1361 1372 1370 1363 1358 1352 1356 1349 1350 1356 1369 1375 1374 1370 1368 1365 1354 1381 1396 1390 1389 1393 1393 1390 1389 1386 1384 1382 1380 1378 1373 1367 1365 1383 1381 1371 1376 1379 1384 1387 1391 1391 1381 1380 1391 1385 1379 1383 1386 1392 1400 1399
1543 1551 1567 1572 1579 1567 1550 1520 1510 1518 1507 1490 1488 1491 1485 1472 1466 1455 1440 1440 1426 1415 1409 1403 1396 1390 1384 1387 1380 1366 1362 1360 1357 1360 1366 1360 1371 1370 1364 1351 1349 1349 1358 1371 1372 1368 1364 1354 1354 1381 1393 1389 1385 1385 1388 1390 1393 1388 1384 1380 1377 1375 1370 1364 1368 1370 1368 1368 1385 1385 1387 1386 1390 1381 1378 1377 1391 1377 1374 1384 1387 1395 1398 1397
1531 1539 1563 1571 1573 1549 1531 1520 1500 1503 1496 1486 1472 1467 1466 1457 1445 1438 1430 1431 1426 1406 1400 1398 1388 1386 1384 1384 1387 1375 1380 1377 1359 1355 1356 1357 1362 1369 1358 1349 1357 1348 1350 1361 1368 1362 1352 1349 1366 1381 1387 1391 1385 1381 1380 1381 1382 1389 1388 1386 1382 1373 1366 1364 1366 1366 1368 1381 1389 1389 1392 1391 1387 1374 1376 1386 1388 1377 1374 1386 1394 1396 1397 1396
1531 1551 1570 1567 1565 1538 1522 1507 1489 1489 1489 1484 1472 1460 1450 1442 1437 1426 1423 1413 1413 1406 1394 1388 1384 1377 1377 1380 1387 1389 1372 1375 1367 1359 1357 1357 1354 1352 1349 1348 1350 1347 1347 1348 1354 1353 1348 1358 1374 1379 1380 1390 1391 1388 1380 1376 1375 1383 1386 1386 1384 1379 1367 1363 1363 1364 1378 1385 1386 1391 1391 1390 1379 1375 1375 1386 1383 1372 1374 1390 1393 1394 1396 1393
1536 1553 1567 1561 1550 1531 1519 1507 1486 1471 1478 1473 1468 1461 1451 1442 1435 1427 1419 1407 1404 1398 1394 1387 1381 1375 1373 1375 1381 1389 1375 1373 1371 1363 1362 1357 1356 1352 1351 1350 1349 1346 1346 1345 1345 1344 1344 1355 1373 1382 1380 1370 1390 1389 1389 1383 1374 1374 1381 1386 1384 1381 1361 1364 1369 1370 1377 1386 1390 1390 1391 1391 1378 1372 1373 1379 1379 1367 1370 1390 1385 1382 1393 1394
1534 1550 1557 1557 1550 1543 1533 1522 1503 1465 1464 1462 1459 1456 1450 1441 1437 1425 1415 1408 1396 1388 1388 1387 1377 1372 1371 1372 1373 1386 1377 1374 1372 1371 1370 1366 1360 1360 1356 1353 1350 1347 1346 1345 1345 1344 1344 1343 1359 1369 1358 1370 1387 1385 1385 1390 1378 1371 1373 1382 1385 1382 1365 1363 1363 1370 1381 1388 1388 1390 1390 1391 1385 1369 1370 1377 1377 1368 1364 1377 1375 1383 1389 1391
1531 1543 1556 1560 1555 1544 1532 1515 1498 1465 1450 1450 1448 1447 1444 1440 1431 1422 1412 1404 1389 1382 1383 1381 1370 1370 1369 1367 1368 1374 1385 1376 1374 1371 1369 1368 1370 1358 1355 1354 1354 1348 1346 1345 1345 1344 1344 1343 1346 1351 1360 1379 1387 1384 1379 1390 1385 1374 1369 1370 1378 1382 1367 1366 1382 1379 1384 1387 1386 1387 1390 1391 1390 1375 1370 1371 1369 1365 1362 1363 1375 1397 1390 1386
1538 1547 1557 1558 1552 1538 1518 1495 1489 1478 1445 1439 1440 1435 1431 1433 1422 1417 1409 1401 1383 1375 1377 1372 1370 1367 1366 1362 1365 1369 1379 1383 1377 1380 1368 1366 1365 1357 1355 1355 1355 1354 1346 1345 1344 1344 1344 1343 1343 1347 1355 1362 1373 1384 1377 1389 1388 1379 1370 1367 1369 1374 1366 1358 1378 1380 1383 1384 1384 1387 1390 1392 1393 1375 1371 1374 1368 1363 1361 1360 1375 1397 1391 1388
1543 1560 1565 1561 1547 1525 1507 1499 1488 1479 1457 1442 1429 1426 1422 1419 1416 1406 1398 1395 1390 1372 1366 1366 1365 1367 1360 1358 1360 1363 1371 1381 1381 1376 1366 1361 1360 1357 1354 1353 1352 1351 1349 1344 1344 1343 1343 1343 1342 1342 1351 1368 1370 1380 1374 1379 1386 1387 1376 1367 1364 1365 1361 1357 1382 1382 1381 1383 1385 1386 1386 1378 1378 1372 1372 1364 1362 1361 1359 1362 1380 1390 1391 1388
1548 1568 1569 1570 1540 1528 1515 1504 1495 1479 1453 1448 1438 1429 1416 1413 1409 1401 1396 1393 1387 1376 1370 1366 1361 1361 1360 1362 1360 1359 1371 1382 1383 1377 1366 1360 1359 1355 1354 1352 1351 1348 1348 1346 1343 1343 1343 1342 1342 1342 1343 1363 1377 1374 1374 1369 1374 1378 1382 1375 1364 1361 1359 1357 1382 1381 1380 1382 1385 1382 1375 1377 1363 1367 1366 1363 1360 1361 1357 1361 1376 1383 1392 1388
1559 1569 1572 1569 1551 1530 1519 1509 1502 1479 1463 1456 1442 1432 1418 1407 1403 1399 1400 1398 1394 1395 1387 1376 1371 1367 1363 1362 1359 1361 1356 1379 1383 1380 1372 1360 1357 1355 1354 1351 1349 1347 1347 1348 1343 1343 1343 1342 1342 1342 1341 1358 1377 1375 1369 1369 1367 1372 1379 1382 1370 1369 1358 1362 1367 1379 1380 1382 1383 1387 1365 1363 1362 1363 1364 1364 1359 1358 1358 1366 1378 1386 1391 1389
1543 1569 1565 1564 1562 1536 1527 1515 1501 1492 1479 1453 1438 1428 1415 1411 1406 1401 1399 1398 1398 1397 1392 1389 1385 1383 1369 1360 1359 1357 1356 1378 1381 1380 1374 1362 1356 1354 1352 1349 1347 1347 1346 1346 1344 1342 1342 1342 1342 1342 1341 1353 1377 1381 1378 1368 1367 1366 1371 1380 1374 1369 1356 1357 1363 1377 1379 1381 1383 1382 1364 1362 1361 1361 1364 1361 1358 1357 1357 1381 1389 1390 1390 1388
1543 1566 1567 1570 1563 1541 1531 1520 1510 1501 1487 1466 1446 1427 1415 1409 1403 1398 1396 1393 1390 1388 1389 1388 1386 1380 1370 1361 1359 1354 1359 1374 1380 1380 1373 1369 1362 1355 1352 1350 1347 1346 1346 1346 1347 1342 1342 1342 1342 1341 1341 1356 1370 1363 1378 1380 1367 1363 1365 1371 1372 1357 1355 1356 1359 1368 1381 1382 1385 1380 1375 1371 1362 1358 1358 1359 1357 1357 1359 1383 1387 1388 1391 1390
1547 1568 1570 1572 1549 1528 1519 1517 1512 1502 1488 1470 1447 1436 1417 1408 1401 1397 1393 1389 1386 1381 1381 1385 1378 1375 1363 1362 1358 1354 1354 1377 1384 1381 1379 1380 1364 1360 1353 1351 1348 1346 1346 1346 1346 1342 1342 1342 1342 1341 1342 1344 1347 1348 1353 1373 1371 1363 1362 1364 1368 1357 1354 1355 1358 1367 1378 1380 1387 1375 1366 1367 1359 1356 1354 1355 1354 1377 1381 1387 1386 1387 1390 1394
1547 1564 1567 1573 1557 1533 1515 1501 1497 1492 1486 1476 1466 1436 1420 1407 1404 1394 1389 1384 1381 1378 1374 1370 1363 1360 1353 1358 1355 1351 1354 1375 1385 1381 1378 1372 1364 1361 1356 1352 1349 1347 1346 1346 1346 1343 1341 1341 1341 1341 1341 1341 1340 1340 1340 1341 1366 1367 1362 1359 1365 1361 1353 1354 1359 1367 1376 1370 1363 1359 1357 1359 1358 1356 1356 1357 1365 1389 1387 1385 1383 1386 1389 1391
1549 1568 1567 1572 1563 1540 1512 1501 1487 1482 1473 1474 1463 1433 1418 1409 1398 1392 1387 1383 1378 1374 1373 1374 1367 1363 1360 1358 1357 1351 1349 1356 1380 1380 1379 1367 1363 1359 1354 1350 1349 1348 1348 1346 1345 1346 1341 1341 1341 1341 1341 1341 1340 1340 1340 1340 1350 1372 1363 1359 1355 1353 1352 1356 1363 1369 1367 1358 1355 1354 1353 1353 1354 1355 1359 1363 1368 1381 1385 1380 1381 1384 1387 1389
1544 1555 1560 1572 1555 1548 1525 1509 1490 1478 1468 1456 1450 1427 1418 1412 1409 1394 1385 1383 1378 1377 1377 1376 1368 1365 1361 1357 1356 1350 1348 1356 1376 1378 1378 1365 1359 1355 1349 1348 1348 1347 1348 1349 1349 1348 1343 1341 1341 1341 1341 1341 1339 1340 1340 1339 1339 1373 1366 1359 1355 1352 1354 1357 1365 1360 1355 1354 1354 1352 1353 1355 1357 1360 1364 1371 1375 1387 1385 1381 1381 1383 1386 1388
1543 1556 1562 1565 1555 1536 1528 1505 1488 1472 1459 1452 1446 1442 1420 1409 1415 1405 1398 1392 1387 1384 1380 1379 1375 1365 1359 1357 1355 1350 1347 1355 1376 1378 1376 1366 1358 1353 1349 1348 1348 1348 1351 1357 1352 1351 1347 1342 1340 1340 1340 1340 1339 1338 1339 1339 1339 1369 1368 1360 1354 1354 1355 1356 1366 1357 1353 1352 1353 1353 1356 1356 1361 1386 1385 1384 1381 1382 1388 1380 1378 1385 1387 1387
1543 1554 1557 1547 1542 1505 1502 1488 1475 1460 1450 1447 1444 1445 1432 1428 1417 1408 1401 1392 1386 1387 1383 1381 1378 1364 1359 1354 1354 1350 1346 1368 1375 1378 1380 1371 1360 1355 1350 1348 1348 1348 1350 1356 1363 1358 1349 1342 1340 1340 1340 1340 1338 1338 1338 1338 1337 1365 1365 1355 1353 1354 1353 1359 1361 1356 1352 1351 1354 1358 1361 1363 1380 1384 1378 1370 1373 1382 1390 1378 1379 1384 1385 1386
1550 1562 1555 1549 1523 1505 1485 1478 1463 1450 1437 1437 1435 1439 1438 1429 1419 1408 1396 1387 1383 1382 1380 1378 1376 1364 1358 1354 1353 1345 1346 1367 1375 1377 1380 1367 1360 1356 1351 1348 1348 1347 1347 1350 1359 1364 1349 1343 1340 1339 1340 1338 1337 1337 1343 1343 1347 1357 1360 1352 1352 1352 1353 1355 1355 1352 1350 1350 1352 1376 1388 1387 1391 1383 1368 1369 1394 1389 1386 1377 1380 1380 1380 1382
1548 1559 1556 1547 1509 1490 1485 1471 1458 1454 1438 1428 1422 1425 1433 1425 1416 1404 1395 1384 1380 1377 1373 1371 1368 1365 1360 1355 1347 1347 1350 1357 1368 1376 1373 1370 1367 1362 1358 1351 1348 1347 1347 1347 1348 1350 1347 1347 1339 1339 1339 1336 1337 1340 1355 1371 1360 1355 1353 1352 1353 1354 1354 1355 1352 1350 1350 1353 1355 1376 1379 1382 1382 1373 1363 1373 1391 1389 1386 1382 1375 1374 1377 1384
1559 1553 1553 1540 1528 1504 1487 1471 1464 1456 1448 1439 1425 1414 1417 1421 1404 1398 1392 1385 1381 1373 1371 1368 1364 1359 1356 1350 1344 1351 1351 1357 1367 1377 1376 1370 1368 1363 1360 1354 1349 1347 1346 1346 1345 1346 1345 1346 1339 1338 1337 1337 1338 1339 1352 1368 1360 1350 1353 1351 1351 1350 1357 1353 1352 1349 1350 1353 1358 1364 1374 1384 1381 1373 1364 1382 1392 1386 1386 1384 1374 1374 1379 1398
1554 1551 1552 1542 1535 1506 1491 1475 1464 1456 1446 1440 1428 1416 1410 1411 1403 1397 1393 1384 1375 1367 1367 1364 1362 1358 1355 1350 1345 1351 1351 1352 1361 1368 1373 1373 1368 1367 1363 1358 1350 1346 1346 1345 1346 1346 1345 1344 1339 1338 1336 1337 1338 1338 1347 1367 1355 1349 1349 1350 1349 1353 1354 1352 1351 1349 1351 1353 1356 1359 1382 1385 1373 1363 1361 1377 1390 1382 1382 1384 1385 1374 1378 1387
1533 1546 1549 1537 1526 1511 1485 1474 1461 1470 1454 1448 1446 1430 1422 1419 1396 1384 1384 1375 1372 1365 1360 1359 1358 1356 1353 1343 1348 1350 1350 1351 1353 1361 1366 1376 1373 1367 1362 1359 1357 1349 1348 1346 1345 1345 1344 1344 1345 1337 1336 1337 1337 1337 1341 1358 1361 1349 1349 1348 1350 1350 1350 1348 1348 1349 1351 1355 1365 1371 1381 1377 1366 1359 1366 1379 1386 1380 1381 1385 1382 1376 1377 1384
1548 1550 1542 1523 1505 1495 1481 1486 1480 1470 1466 1453 1444 1437 1429 1420 1404 1391 1386 1381 1379 1368 1356 1354 1354 1352 1350 1347 1342 1349 1350 1349 1351 1357 1364 1377 1376 1370 1362 1361 1361 1352 1348 1348 1346 1345 1345 1344 1342 1336 1336 1337 1337 1337 1337 1346 1362 1349 1348 1348 1350 1350 1350 1347 1349 1350 1351 1360 1379 1377 1369 1359 1357 1364 1379 1387 1378 1379 1379 1383 1387 1374 1374 1379
1556 1541 1527 1513 1510 1510 1502 1492 1486 1476 1466 1455 1446 1439 1430 1421 1406 1393 1392 1389 1384 1365 1350 1347 1346 1344 1343 1343 1346 1349 1349 1349 1355 1358 1372 1377 1377 1373 1368 1358 1357 1358 1351 1347 1347 1345 1344 1340 1339 1337 1336 1337 1337 1336 1335 1347 1356 1353 1347 1348 1349 1349 1348 1347 1349 1349 1351 1360 1367 1356 1352 1355 1363 1372 1386 1386 1375 1374 1377 1387 1389 1373 1373 1377
1548 1540 1527 1526 1528 1523 1519 1497 1486 1476 1466 1455 1438 1428 1422 1413 1405 1402 1396 1394 1386 1372 1362 1357 1352 1346 1342 1345 1346 1349 1349 1350 1356 1367 1369 1367 1368 1373 1372 1358 1355 1357 1354 1349 1348 1348 1344 1338 1337 1337 1336 1336 1336 1336 1336 1344 1350 1356 1349 1347 1348 1348 1347 1347 1349 1349 1350 1356 1367 1350 1351 1352 1372 1383 1389 1383 1375 1374 1375 1381 1380 1368 1372 1382
1543 1539 1535 1533 1529 1524 1517 1491 1475 1462 1456 1445 1438 1424 1425 1412 1418 1409 1385 1380 1372 1369 1380 1380 1371 1351 1341 1341 1341 1347 1348 1348 1352 1362 1357 1360 1369 1374 1366 1358 1355 1351 1353 1354 1354 1353 1340 1337 1337 1336 1336 1336 1336 1336 1336 1349 1347 1348 1347 1347 1349 1348 1347 1347 1348 1348 1349 1350 1352 1350 1350 1355 1381 1388 1386 1381 1373 1372 1374 1377 1370 1367 1368 1381
1524 1513 1522 1525 1522 1521 1512 1499 1472 1465 1460 1440 1432 1434 1433 1429 1417 1407 1387 1369 1364 1360 1366 1371 1356 1351 1341 1339 1340 1345 1348 1348 1348 1355 1361 1370 1379 1374 1368 1360 1352 1351 1350 1349 1346 1341 1337 1336 1336 1334 1335 1336 1336 1336 1338 1352 1353 1347 1346 1346 1346 1346 1346 1347 1347 1348 1347 1347 1348 1350 1350 1364 1379 1377 1380 1376 1370 1371 1372 1376 1368 1366 1368 1377
1510 1497 1507 1506 1505 1504 1504 1495 1478 1469 1465 1442 1433 1434 1435 1428 1421 1409 1398 1376 1365 1364 1360 1367 1352 1343 1342 1340 1339 1340 1347 1347 1349 1365 1374 1371 1376 1370 1364 1360 1357 1351 1350 1350 1347 1342 1336 1335 1334 1335 1335 1335 1336 1336 1340 1349 1364 1366 1357 1347 1349 1347 1346 1346 1346 1345 1345 1346 1346 1348 1350 1372 1378 1372 1371 1371 1371 1370 1371 1368 1364 1365 1367 1373
