includes/DEM/sundarijal_DEM_by_extent.asc
ncols        313
nrows        272
xllcorner    931885.867800000007
yllcorner    3077102.604299999774
cellsize     30.000000000000
NODATA_value -32767
[rows 0 to 37 of 272, columns 168 to 251 of 313]
2001 2009 2008 2004 1991 1988 1973 1954 1912 1883 1878 1894 1917 1938 1951 1968 1986 2004 2025 2041 2030 2008 1986 1959 1977 1998 2015 2021 1999 2025 2047 2062 2078 2099 2109 2116 2114 2126 2146 2151 2185 2193 2207 2218 2228 2238 2245 2252 2258 2269 2274 2257 2243 2229 2235 2228 2217 2201 2185 2177 2164 2147 2170 2181 2184 2178 2172 2163 2153 2127 2114 2104 2085 2080 2076 2072 2074 2076 2072 2071 2073 2063 2057 2033
2024 2033 2029 2017 2003 1988 1984 1964 1911 1898 1904 1927 1944 1958 1977 1995 2016 2024 2040 2057 2041 2020 1999 1975 1989 2010 2028 2041 2034 2007 2035 2058 2081 2099 2111 2126 2130 2139 2151 2163 2188 2197 2211 2223 2232 2235 2242 2256 2267 2279 2277 2256 2243 2244 2250 2241 2226 2204 2199 2190 2182 2172 2187 2194 2194 2186 2183 2174 2164 2147 2126 2117 2111 2094 2090 2094 2096 2095 2091 2085 2077 2069 2055 2020
2049 2057 2045 2028 2013 1999 1984 1961 1933 1918 1931 1953 1973 1992 2012 2027 2048 2056 2065 2077 2061 2038 2012 1996 2003 2028 2041 2058 2054 2042 2031 2050 2075 2099 2111 2122 2138 2148 2158 2168 2180 2203 2214 2226 2242 2254 2263 2261 2270 2272 2267 2254 2258 2263 2256 2239 2218 2219 2212 2202 2196 2186 2187 2202 2203 2197 2194 2185 2173 2155 2138 2133 2127 2111 2106 2104 2095 2089 2080 2076 2063 2057 2049 2037
2075 2076 2056 2035 2017 2003 1987 1967 1949 1939 1941 1963 1987 2009 2025 2048 2071 2082 2094 2106 2078 2052 2041 2034 2023 2042 2060 2076 2078 2062 2039 2061 2074 2098 2110 2122 2132 2145 2157 2168 2177 2202 2217 2228 2244 2262 2275 2275 2283 2279 2265 2260 2274 2272 2254 2229 2232 2239 2229 2217 2211 2197 2188 2202 2213 2212 2209 2198 2182 2169 2155 2153 2148 2121 2107 2089 2076 2068 2065 2059 2052 2046 2040 2032
2097 2090 2068 2043 2023 2008 1984 1967 1980 1987 1946 1963 1997 2031 2060 2076 2093 2112 2118 2123 2092 2080 2074 2044 2030 2052 2074 2093 2097 2076 2050 2073 2076 2090 2105 2115 2132 2139 2159 2170 2179 2193 2215 2229 2242 2257 2273 2281 2291 2284 2273 2265 2277 2267 2249 2241 2256 2255 2244 2234 2224 2212 2201 2210 2213 2221 2216 2206 2190 2177 2169 2157 2146 2128 2096 2069 2058 2047 2045 2040 2033 2026 2024 2014
2110 2095 2077 2056 2031 2007 1992 1983 1980 2008 1962 1985 2017 2041 2062 2085 2104 2123 2134 2142 2130 2102 2081 2053 2050 2072 2096 2113 2108 2086 2067 2102 2107 2096 2099 2113 2125 2145 2152 2166 2183 2199 2225 2236 2242 2252 2260 2275 2296 2293 2285 2275 2273 2256 2241 2250 2266 2266 2252 2240 2236 2228 2222 2216 2224 2221 2216 2203 2187 2177 2166 2144 2123 2110 2086 2060 2045 2033 2029 2025 2017 2010 2004 2000
2114 2098 2082 2063 2036 2012 2019 2022 2007 2008 1992 2006 2023 2055 2067 2089 2107 2126 2140 2161 2152 2110 2091 2078 2073 2085 2108 2129 2113 2088 2071 2087 2120 2111 2107 2119 2132 2145 2175 2183 2188 2199 2219 2242 2248 2263 2278 2290 2298 2299 2287 2287 2284 2254 2260 2269 2276 2272 2264 2255 2244 2237 2235 2228 2234 2225 2203 2194 2175 2162 2151 2133 2119 2100 2078 2049 2030 2017 2005 2003 2002 1997 1989 1980
2119 2102 2088 2071 2048 2035 2043 2037 2029 2025 2005 2030 2066 2068 2081 2087 2105 2125 2156 2176 2162 2145 2112 2101 2097 2100 2126 2146 2130 2110 2080 2088 2128 2126 2114 2128 2148 2158 2175 2193 2206 2210 2224 2249 2254 2264 2279 2295 2302 2298 2289 2297 2287 2266 2271 2281 2281 2281 2272 2260 2251 2251 2243 2243 2237 2221 2203 2204 2186 2186 2173 2152 2131 2110 2084 2045 2026 2008 1992 1981 1977 1975 1975 1970
2135 2105 2086 2068 2063 2059 2062 2051 2047 2036 2013 2058 2089 2098 2110 2111 2117 2143 2174 2188 2185 2169 2127 2114 2105 2122 2150 2154 2136 2110 2092 2097 2106 2144 2135 2128 2149 2161 2175 2193 2215 2227 2237 2255 2261 2269 2283 2296 2305 2300 2298 2307 2296 2286 2287 2281 2279 2276 2276 2269 2265 2261 2255 2248 2245 2225 2217 2204 2204 2194 2176 2160 2138 2119 2097 2084 2042 2018 2002 1980 1958 1949 1947 1950
2139 2103 2091 2083 2084 2084 2078 2069 2059 2042 2010 2012 2114 2142 2149 2149 2149 2172 2193 2199 2195 2179 2141 2118 2130 2154 2172 2164 2138 2114 2106 2114 2115 2147 2157 2142 2158 2171 2181 2201 2217 2231 2239 2251 2266 2279 2290 2299 2308 2305 2303 2308 2300 2294 2291 2273 2273 2277 2282 2279 2279 2269 2257 2250 2243 2239 2224 2208 2204 2201 2184 2167 2139 2129 2114 2096 2043 2019 2003 1991 1977 1954 1937 1928
2139 2116 2104 2107 2109 2105 2092 2078 2063 2039 2021 2040 2114 2136 2154 2170 2177 2188 2205 2210 2198 2177 2158 2125 2149 2164 2183 2163 2141 2125 2133 2150 2150 2146 2162 2168 2156 2175 2193 2206 2217 2235 2241 2255 2274 2288 2299 2307 2314 2309 2300 2303 2295 2285 2281 2271 2266 2275 2285 2283 2278 2274 2266 2260 2254 2252 2225 2213 2212 2201 2181 2162 2149 2136 2119 2110 2059 2041 2022 2007 1990 1974 1954 1937
2162 2142 2123 2122 2112 2101 2088 2069 2057 2037 2046 2071 2126 2136 2145 2167 2183 2197 2216 2211 2191 2170 2155 2148 2156 2184 2195 2174 2156 2141 2159 2184 2176 2177 2159 2187 2175 2175 2196 2211 2220 2235 2246 2260 2271 2294 2309 2313 2309 2299 2294 2303 2303 2294 2291 2276 2263 2271 2283 2277 2270 2268 2263 2257 2253 2245 2225 2221 2213 2198 2192 2179 2166 2145 2135 2123 2092 2059 2040 2024 2008 1989 1970 1951
2180 2155 2136 2125 2114 2100 2089 2076 2065 2065 2077 2096 2110 2123 2145 2169 2183 2215 2229 2220 2194 2170 2181 2194 2175 2200 2211 2198 2179 2159 2175 2197 2195 2198 2184 2192 2198 2188 2193 2210 2221 2234 2246 2262 2274 2304 2313 2315 2309 2311 2301 2286 2290 2298 2287 2281 2255 2262 2271 2265 2261 2261 2257 2248 2243 2235 2224 2207 2203 2198 2192 2192 2179 2164 2145 2125 2110 2075 2060 2042 2024 2004 1982 1960
2187 2170 2160 2135 2121 2116 2101 2085 2082 2102 2123 2124 2133 2133 2153 2176 2211 2226 2236 2223 2197 2179 2203 2215 2204 2236 2230 2211 2189 2183 2195 2207 2221 2223 2216 2205 2213 2209 2208 2217 2228 2240 2249 2262 2275 2289 2313 2308 2308 2309 2298 2291 2281 2289 2285 2286 2255 2253 2258 2259 2255 2249 2247 2247 2238 2229 2221 2214 2201 2188 2195 2192 2189 2183 2161 2138 2120 2100 2071 2054 2031 2015 1997 1972
2193 2186 2174 2149 2144 2132 2112 2105 2092 2117 2134 2151 2159 2157 2164 2176 2219 2230 2238 2223 2200 2201 2225 2240 2239 2246 2235 2220 2213 2231 2231 2217 2237 2242 2238 2225 2219 2232 2238 2236 2230 2237 2253 2262 2274 2287 2311 2302 2304 2301 2295 2294 2275 2281 2282 2286 2270 2244 2238 2242 2239 2243 2238 2251 2242 2230 2221 2212 2197 2188 2187 2194 2189 2179 2168 2139 2123 2105 2068 2055 2046 2029 2002 1976
2213 2206 2197 2182 2166 2145 2134 2124 2107 2125 2145 2159 2182 2194 2196 2204 2219 2237 2239 2222 2215 2227 2254 2268 2259 2270 2254 2238 2231 2241 2241 2232 2250 2261 2264 2259 2238 2254 2256 2255 2254 2247 2246 2263 2274 2293 2312 2298 2299 2298 2285 2295 2280 2270 2281 2278 2264 2247 2240 2235 2230 2226 2232 2247 2240 2234 2221 2210 2194 2183 2177 2183 2184 2179 2161 2138 2122 2111 2094 2053 2040 2024 2005 1979
2235 2226 2219 2210 2182 2154 2152 2139 2129 2140 2153 2173 2198 2211 2202 2222 2228 2237 2243 2230 2249 2252 2257 2268 2265 2289 2274 2257 2262 2270 2263 2251 2259 2275 2277 2275 2260 2266 2274 2273 2268 2259 2257 2274 2285 2293 2310 2294 2282 2282 2280 2282 2275 2266 2286 2281 2263 2262 2253 2249 2242 2229 2225 2229 2225 2225 2216 2207 2192 2179 2170 2175 2172 2165 2149 2135 2114 2099 2082 2057 2049 2026 2005 1979
2248 2242 2241 2232 2190 2180 2181 2164 2150 2150 2162 2200 2207 2219 2223 2238 2245 2250 2243 2246 2266 2270 2269 2282 2284 2297 2291 2281 2281 2292 2291 2274 2276 2287 2295 2285 2282 2283 2290 2285 2276 2267 2272 2282 2291 2301 2310 2299 2292 2279 2269 2265 2262 2268 2277 2280 2275 2275 2256 2246 2232 2224 2214 2209 2204 2207 2205 2197 2187 2173 2161 2162 2157 2156 2149 2136 2107 2103 2091 2066 2048 2022 1995 1976
2255 2264 2260 2248 2231 2202 2205 2184 2162 2188 2192 2203 2215 2229 2246 2253 2264 2264 2252 2273 2289 2292 2288 2310 2303 2313 2314 2306 2304 2317 2308 2296 2295 2304 2304 2293 2310 2306 2302 2295 2281 2282 2289 2298 2299 2311 2316 2308 2295 2283 2270 2254 2268 2279 2270 2270 2274 2271 2256 2241 2241 2235 2226 2223 2211 2198 2195 2192 2184 2162 2153 2153 2149 2146 2146 2136 2087 2071 2067 2073 2035 2016 1997 1970
2269 2286 2281 2264 2243 2229 2218 2194 2182 2205 2214 2229 2239 2247 2260 2267 2281 2275 2262 2273 2309 2315 2307 2327 2321 2327 2347 2331 2326 2329 2319 2304 2309 2316 2308 2304 2321 2325 2322 2314 2296 2301 2304 2307 2308 2312 2305 2302 2283 2279 2263 2251 2270 2275 2274 2260 2257 2256 2259 2249 2249 2243 2236 2233 2223 2213 2209 2201 2185 2173 2150 2146 2141 2118 2111 2108 2087 2088 2076 2063 2042 2018 1986 1976
2297 2303 2293 2274 2252 2251 2238 2210 2200 2215 2230 2247 2257 2259 2273 2284 2287 2276 2273 2293 2309 2338 2325 2337 2346 2343 2366 2354 2347 2353 2341 2330 2341 2334 2325 2323 2324 2338 2337 2324 2309 2313 2310 2309 2307 2312 2306 2296 2283 2267 2259 2247 2253 2262 2262 2259 2261 2258 2247 2244 2246 2249 2245 2238 2228 2219 2212 2201 2185 2176 2154 2142 2128 2104 2103 2098 2090 2088 2091 2072 2050 2041 2017 1988
2322 2319 2309 2287 2274 2276 2248 2222 2219 2227 2239 2262 2277 2278 2283 2292 2298 2289 2295 2314 2327 2338 2343 2346 2359 2362 2378 2363 2362 2360 2344 2345 2358 2355 2344 2348 2343 2343 2337 2325 2324 2323 2319 2315 2305 2297 2294 2291 2276 2267 2256 2248 2243 2259 2264 2260 2251 2247 2241 2236 2242 2245 2246 2245 2236 2219 2208 2199 2196 2188 2167 2150 2135 2127 2128 2123 2109 2104 2106 2085 2075 2047 2032 2000
2334 2327 2319 2305 2294 2295 2260 2244 2245 2258 2259 2276 2288 2298 2301 2306 2308 2300 2316 2322 2341 2354 2354 2364 2372 2382 2390 2383 2379 2366 2356 2363 2375 2367 2361 2364 2360 2355 2356 2338 2338 2333 2329 2329 2318 2303 2286 2278 2277 2267 2256 2259 2247 2256 2256 2247 2240 2234 2240 2236 2239 2242 2242 2242 2239 2227 2218 2210 2201 2191 2182 2157 2147 2141 2137 2133 2124 2117 2106 2105 2086 2068 2039 2012
2340 2337 2327 2317 2310 2307 2291 2258 2263 2271 2278 2297 2305 2315 2319 2319 2321 2313 2335 2346 2349 2365 2354 2377 2387 2394 2393 2388 2388 2378 2373 2378 2381 2377 2375 2372 2371 2365 2356 2347 2351 2344 2331 2337 2325 2312 2294 2293 2293 2284 2268 2259 2250 2251 2254 2249 2234 2221 2231 2227 2217 2228 2239 2229 2223 2222 2221 2214 2196 2184 2177 2167 2160 2151 2147 2142 2133 2125 2116 2105 2093 2080 2047 2027
2350 2346 2341 2336 2321 2310 2300 2278 2291 2293 2300 2312 2321 2326 2328 2326 2324 2330 2352 2363 2371 2368 2364 2377 2395 2390 2395 2387 2388 2390 2384 2380 2373 2370 2369 2366 2359 2355 2349 2347 2357 2346 2334 2337 2327 2316 2301 2294 2294 2294 2273 2265 2251 2234 2234 2247 2239 2223 2215 2217 2212 2228 2230 2224 2217 2205 2214 2214 2205 2193 2188 2182 2164 2160 2155 2148 2136 2132 2120 2107 2093 2086 2057 2040
2363 2361 2350 2342 2328 2314 2304 2297 2311 2317 2325 2329 2333 2336 2334 2331 2333 2349 2371 2380 2386 2376 2370 2387 2395 2389 2401 2396 2379 2386 2381 2375 2370 2366 2367 2377 2376 2371 2354 2335 2342 2339 2331 2327 2313 2299 2291 2289 2288 2280 2269 2264 2251 2251 2230 2242 2241 2228 2214 2201 2208 2217 2224 2216 2206 2202 2210 2206 2197 2189 2176 2168 2160 2155 2146 2140 2131 2129 2117 2109 2097 2086 2083 2049
2376 2373 2360 2349 2335 2322 2317 2310 2322 2330 2336 2340 2343 2343 2345 2351 2353 2368 2371 2385 2384 2379 2375 2381 2384 2389 2393 2392 2386 2373 2368 2367 2369 2367 2357 2366 2366 2358 2342 2328 2339 2334 2329 2321 2315 2308 2294 2280 2276 2273 2274 2273 2260 2251 2225 2240 2243 2234 2218 2206 2198 2203 2217 2215 2200 2194 2202 2198 2192 2184 2176 2158 2152 2137 2130 2124 2117 2111 2111 2106 2105 2095 2095 2062
2380 2377 2373 2354 2341 2330 2328 2322 2320 2348 2354 2355 2353 2357 2364 2367 2369 2379 2383 2383 2379 2375 2375 2385 2387 2384 2392 2397 2386 2372 2368 2367 2357 2360 2347 2351 2352 2351 2344 2329 2323 2332 2339 2335 2327 2317 2296 2290 2288 2288 2286 2266 2255 2243 2225 2235 2246 2235 2221 2220 2209 2196 2207 2211 2201 2190 2194 2196 2190 2181 2175 2171 2164 2142 2141 2133 2129 2119 2106 2105 2113 2102 2095 2084
2385 2379 2372 2359 2343 2334 2331 2329 2335 2361 2364 2364 2365 2375 2382 2382 2383 2390 2389 2389 2385 2387 2384 2374 2382 2381 2392 2383 2373 2362 2363 2361 2349 2345 2344 2340 2346 2345 2339 2325 2315 2329 2337 2341 2327 2310 2297 2286 2283 2282 2284 2279 2251 2237 2220 2235 2246 2241 2231 2221 2213 2203 2191 2200 2193 2185 2190 2191 2180 2168 2174 2177 2170 2147 2137 2129 2120 2114 2116 2103 2112 2113 2099 2084
2394 2390 2377 2368 2354 2344 2342 2339 2344 2372 2374 2375 2388 2401 2401 2396 2400 2399 2391 2385 2388 2396 2393 2379 2373 2375 2387 2383 2363 2357 2364 2365 2358 2343 2343 2334 2344 2346 2338 2327 2311 2312 2327 2332 2323 2306 2287 2282 2270 2261 2259 2259 2248 2238 2216 2231 2246 2245 2235 2228 2217 2207 2191 2189 2182 2188 2187 2185 2176 2165 2167 2170 2163 2158 2136 2126 2120 2113 2108 2097 2101 2111 2101 2088
2403 2394 2387 2378 2369 2359 2352 2354 2354 2372 2387 2393 2404 2412 2416 2417 2416 2407 2397 2395 2380 2392 2391 2383 2370 2366 2378 2369 2363 2347 2361 2367 2360 2345 2333 2329 2336 2348 2345 2334 2312 2303 2325 2331 2328 2309 2285 2271 2270 2258 2239 2242 2240 2215 2210 2230 2246 2235 2218 2217 2216 2208 2193 2173 2191 2198 2191 2179 2165 2160 2160 2156 2155 2148 2135 2125 2114 2107 2100 2092 2092 2097 2099 2089
2403 2407 2399 2388 2384 2376 2370 2363 2369 2384 2396 2399 2408 2419 2427 2435 2427 2414 2400 2387 2379 2374 2371 2367 2368 2359 2359 2363 2353 2347 2355 2364 2347 2334 2325 2327 2338 2343 2337 2329 2313 2296 2319 2322 2318 2307 2290 2269 2260 2255 2240 2233 2225 2203 2205 2229 2241 2235 2212 2198 2197 2193 2183 2171 2187 2187 2188 2174 2161 2153 2151 2151 2146 2138 2132 2122 2119 2118 2110 2093 2089 2101 2101 2090
2423 2407 2413 2400 2392 2391 2385 2376 2384 2394 2399 2403 2415 2426 2432 2441 2424 2405 2397 2392 2385 2378 2378 2370 2363 2359 2354 2350 2344 2341 2350 2351 2335 2322 2317 2328 2328 2328 2325 2318 2306 2289 2300 2314 2312 2301 2286 2266 2249 2245 2236 2233 2226 2222 2200 2220 2231 2228 2212 2207 2201 2193 2194 2184 2159 2167 2182 2175 2166 2159 2144 2152 2146 2134 2126 2117 2119 2120 2112 2099 2087 2097 2101 2088
2433 2426 2413 2414 2405 2400 2396 2390 2397 2402 2405 2409 2419 2429 2436 2441 2425 2412 2406 2395 2384 2389 2397 2390 2380 2370 2361 2346 2338 2342 2350 2333 2334 2319 2317 2334 2328 2315 2308 2294 2293 2281 2288 2300 2297 2289 2281 2265 2249 2238 2222 2228 2233 2227 2197 2212 2229 2232 2224 2207 2218 2207 2207 2197 2185 2160 2180 2173 2164 2158 2140 2141 2140 2131 2118 2103 2101 2105 2100 2089 2086 2086 2089 2096
2448 2435 2422 2414 2419 2413 2405 2401 2409 2414 2414 2410 2425 2434 2441 2436 2423 2411 2401 2392 2401 2400 2397 2382 2366 2358 2354 2351 2344 2328 2329 2333 2320 2308 2311 2318 2319 2314 2303 2292 2274 2271 2281 2281 2275 2274 2270 2254 2245 2240 2218 2213 2223 2212 2189 2205 2221 2233 2230 2228 2232 2227 2220 2206 2194 2151 2172 2174 2165 2151 2140 2136 2145 2138 2128 2120 2100 2093 2091 2086 2084 2090 2098 2099
2439 2432 2433 2426 2434 2424 2418 2418 2421 2423 2422 2423 2434 2441 2442 2442 2430 2414 2400 2413 2427 2414 2402 2370 2369 2369 2363 2345 2338 2330 2331 2329 2320 2305 2294 2299 2301 2296 2289 2285 2269 2260 2266 2267 2262 2259 2248 2231 2230 2226 2205 2201 2208 2203 2196 2190 2205 2223 2227 2234 2232 2233 2217 2201 2188 2172 2154 2169 2168 2159 2143 2128 2134 2136 2128 2117 2099 2090 2089 2085 2084 2093 2106 2108
2432 2425 2428 2430 2434 2427 2428 2429 2431 2427 2425 2427 2439 2443 2442 2448 2437 2427 2422 2430 2431 2412 2390 2381 2370 2358 2347 2346 2348 2346 2351 2344 2334 2319 2291 2277 2280 2277 2272 2260 2248 2247 2253 2250 2251 2243 2237 2223 2210 2208 2209 2192 2194 2197 2191 2186 2199 2207 2218 2232 2238 2233 2211 2197 2186 2177 2142 2147 2150 2152 2146 2131 2121 2135 2129 2118 2106 2094 2088 2084 2083 2092 2103 2112
2425 2419 2424 2420 2428 2427 2429 2431 2436 2425 2421 2428 2431 2432 2438 2445 2447 2446 2445 2442 2426 2409 2396 2393 2368 2366 2361 2358 2363 2357 2350 2341 2335 2324 2294 2284 2271 2266 2271 2260 2240 2230 2236 2236 2240 2226 2224 2218 2211 2200 2195 2190 2188 2197 2188 2173 2192 2202 2213 2223 2231 2225 2211 2197 2186 2183 2151 2138 2126 2132 2142 2139 2125 2117 2127 2126 2109 2099 2089 2084 2082 2087 2097 2108
